   1.0142000e+01   3.0770000e+00   1.2420000e+00
   1.0142000e+01  -3.0770000e+00   1.2420000e+00
   6.8730000e+00   5.0910000e+00   4.9830000e+00
   6.8730000e+00  -5.0910000e+00   4.9830000e+00
   3.2500000e-01   6.2550000e+00   7.2870000e+00
   3.2500000e-01  -6.2550000e+00   7.2870000e+00
  -5.1310000e+00   6.6570000e+00   5.6570000e+00
  -5.1310000e+00  -6.6570000e+00   5.6570000e+00
  -9.8260000e+00   3.1260000e+00   2.7300000e-01
  -9.8260000e+00  -3.1260000e+00   2.7300000e-01
   4.7110000e+00   7.3050000e+00  -4.0700000e-01
   4.7110000e+00  -7.3050000e+00  -4.0700000e-01
  -2.1300000e+00   8.3390000e+00  -7.1800000e-01
  -2.1300000e+00  -8.3390000e+00  -7.1800000e-01
  -6.5700000e+00   6.8890000e+00   5.9000000e-02
  -6.5700000e+00  -6.8890000e+00   5.9000000e-02
   9.0900000e+00  -0.0000000e+00   5.7590000e+00
   1.0583000e+01  -0.0000000e+00  -2.5250000e+00
  -7.6220000e+00  -9.3342579e-16   7.3800000e+00
  -1.0270000e+01  -1.2577123e-15   5.5700000e-01
   2.7590000e+00   7.4420000e+00  -5.9970000e+00
   2.7590000e+00  -7.4420000e+00  -5.9970000e+00
  -2.8060000e+00   7.0490000e+00  -6.4350000e+00
  -2.8060000e+00  -7.0490000e+00  -6.4350000e+00
  -7.3070000e+00   4.3210000e+00  -6.0050000e+00
  -7.3070000e+00  -4.3210000e+00  -6.0050000e+00
   1.0374000e+01  -0.0000000e+00   1.5220000e+00
   4.3460000e+00  -0.0000000e+00   9.0080000e+00
   7.5900000e+00   4.2730000e+00  -7.4550000e+00
   7.5900000e+00  -4.2730000e+00  -7.4550000e+00
   5.1640000e+00   6.9840000e+00  -5.0330000e+00
   5.1640000e+00  -6.9840000e+00  -5.0330000e+00
   6.2205934e-16   0.0000000e+00   1.0159000e+01
